return {
 8104495952,
 341832759,
 1761165440282,
 5771695027,
 1761165592421,
 4921744689,
 5032570533,
 2061276056,
 1153964173,
 9589061269,
 1337390340,
 1388991868,
 516662382,
 11219819,
 2772159762,
 6064181300,
 1877867999,
 8629885521,
 1750007394,
 5105529366,
 3979169285,
 516794510,
 5811366124,
 4352104187,
 7595912648,
 9131759436,
 2355087143,
 7045503964,
 4426132176,
 889815264,
 494585041,
 2639540228,
 417304420,
 5426426651,
 2530959145,
 9583592939,
 3602104044,
 9352345532,
 1664906504,
 4882086761,
 8988820294,
 2039518808,
 6183882171,
 3691816893,
 9815301493,
 645358118,
 3059784334,
 5179107908,
 9455145823,
 133978399,
 5153030449,
 2816570600,
 48453102,
 1882897484,
 35877996,
 39937978,
 7354141242,
 7640379036,
 3463391292,
 751809336,
 1647057127,
 4743958420,
 9297587897,
 8836006805,
 3377189537,
 9238136713,
 7192534028,
 417698390,
 5323758460,
 8043146554,
 5119907929,
 9622748447,
 7861655497,
 8789660839,
 8313392049,
 8965533176,
 9015602155,
 8423506057,
 8814426396,
 4199576120,
 7638457502,
 2565494784,
 9335911793,
 8075078622,
 24009024,
 728175929,
 2487709788,
 8407867922,
 8212034035,
 139575376,
 9939936134,
 467845491,
 9380076589,
 3704083203,
 2748330054,
 7807320206,
 3602203690,
 1681407664,
 905469007,
 5669013178,
 2338325648,
 2691345805,
 9962159293,
 7365015098,
 9047623152,
 7422094086,
 3175120128,
 9641232497,
 5271852293,
 9965781181,
 1706593313,
 489509482,
 4177538022,
 8996518026,
 9529362,
 8311376464,
 8929938638,
 8733048389,
 4790259000,
 948166641,
 9479034670,
 3356884689,
 9220797651,
 27629044,
 9232205787,
 7707670448,
 2529293874,
 2205436205,
 27240651,
 4497345784,
 7547636164,
 8940527066,
 73918166,
 9918980064,
 4601721506,
 123,
 1289087348,
 4433755090,
 8451647002,
 8930464001,
 1635793518,
 1203912387,
 4801585886,
 4172880345,
 9257871663,
 5440114559,
 7182287373,
 3220355201,
 2227559746,
 9398340302,
 3989820546,
 2610842136,
 9344778481,
 9216431610,
 4748857943,
 3218121565,
 4932400460,
 2705549426,
 8962860696,
 7406084166,
 1235097631,
 5464603992,
 1830455928,
 8534299032,
 10017443341,
 7703517329,
 8999570453,
 1514270523,
 1653554270,
 10031910356,
 0,
 4861695994,
 8141960618,
 145349058,
 1503471511,
 9254765397,
 7566947843,
 5328905525,
 747972803,
 5248944402,
 1545284391,
 7729340856,
 1744002407,
 5217382559,
 535453160,
 4614365282,
 9254691813,
 7415491210,
 9258619670,
 4142510965,
 9809057080,
 9303620057,
 9019335754,
 4885144722,
 3381350089,
 9054018799,
 4649733207,
 143284725,
 -- add more userids here
}
